# Derived from http://geodesy.unr.edu/NGLStationPages/DataHoldings.txt
275.882100 9.938800
285.873100 4.661200
285.901100 4.476600
286.004900 4.689600
279.826900 7.414700
280.050100 9.371400
280.592200 9.238500
286.404600 8.315000
286.404600 8.315200
286.610600 7.760500
287.082200 11.528000
278.299300 12.586300
281.453900 0.332800
283.367600 7.877800
289.241500 7.084300
277.169600 8.310400
275.290800 10.437200
281.829600 -0.497300
279.567500 7.955700
279.564500 7.404800
289.761300 8.612700
282.606800 6.203000
276.624000 10.097700
286.720700 9.702100
286.124400 7.060600
285.589700 6.492700
281.498400 -1.446600
275.423100 9.750000
284.664000 4.891000
286.876300 7.104900
285.920100 4.638700
285.919100 4.640100
274.797500 9.764500
286.113800 9.966900
285.150400 11.019700
286.880700 7.118900
282.989600 3.882000
274.656500 10.237900
283.467400 3.375800
292.517900 6.185200
287.572200 5.351400
284.466100 10.391300
284.800000 7.988800
275.951200 9.919600
276.236300 9.553700
277.127300 8.573200
280.895500 9.170600
280.895500 9.170600
281.224300 -1.466800
288.325900 17.903400
284.029400 17.415200
282.215900 17.021200
276.055700 17.407700
289.951500 12.611800
277.743700 9.351700
280.966300 8.625100
276.625400 14.048800
276.228000 11.993600
279.673300 8.487200
281.985200 8.548900
278.637100 13.375500
284.178900 8.819600
284.736800 10.792600
288.012000 12.221800
289.476300 10.206500
291.042000 12.180000
291.958500 8.943500
281.985200 8.549100
281.536800 -1.433100
273.300700 12.501200
282.213000 0.716100
281.586300 -0.660000
284.712100 9.328100
275.875000 9.950900
275.875000 9.950900
279.271600 -1.053100
287.487200 7.932300
287.512100 7.898500
281.989000 0.006900
281.845900 8.658400
277.566200 8.425500
285.336700 5.453800
273.325200 12.465800
274.554200 10.394700
274.431900 10.140900
280.275600 0.934600
273.637900 13.099500
275.894100 9.999500
284.395500 1.620300
286.265200 5.467300
286.640000 5.081300
281.406300 -0.180400
285.240100 9.239900
274.364400 9.915500
287.357800 2.573200
287.358800 2.571700
274.289900 10.292200
273.169000 12.609300
273.171900 12.598700
274.648300 10.017700
284.785300 4.428000
281.884300 0.350200
280.464200 8.984900
274.497800 9.864600
284.102800 4.908600
276.102500 9.966900
275.340500 9.662400
283.219100 17.939000
273.171700 12.683700
273.298300 12.494300
275.039700 9.807100
285.917700 4.637800
280.630800 0.017300
273.090500 12.427400
274.968800 9.945400
281.639100 0.794600
280.720400 -0.947100
274.946700 10.267500
275.286300 10.490100
275.286300 10.490100
285.779500 11.250700
288.375600 10.674000
285.240200 9.239800
273.751000 12.148900
286.288000 7.107200
284.421100 6.199400
276.906000 9.987100
273.459100 12.406100
273.510000 12.550700
284.139300 8.792000
281.517000 -1.493200
284.707100 2.937400
279.671300 8.488300
275.888700 10.001800
287.352200 7.384200
280.840200 0.582000
284.310500 4.792500
281.497700 0.021800
279.671300 8.488300
280.439000 8.954700
274.171300 10.195200
274.171000 10.195500
273.187100 12.649300
283.398800 2.443100
280.652400 -0.498900
283.154400 17.934600
284.548700 4.801200
292.954600 17.970400
283.157000 17.936800
284.548700 4.801200
282.722900 1.211700
277.855600 8.938000
277.121000 8.204300
277.169600 8.310400
292.096700 3.851200
274.727500 10.114000
275.033300 10.064500
274.642700 9.840400
281.502700 -0.237100
273.148100 12.591800
281.506400 -0.215200
281.532700 -0.139600
281.532700 -0.139600
283.343300 5.699600
276.077400 10.317300
287.130300 11.513200
281.348900 -1.650600
284.668300 4.578000
273.473200 16.318200
277.137400 8.818200
288.576200 3.793400
281.506400 -0.215200
292.942200 -0.143900
274.289400 10.067100
281.845300 -0.233200
273.143900 12.617700
285.812900 11.225200
278.284300 12.580500
280.737200 -0.221700
281.541200 -0.644800
284.612300 9.315600
281.153000 1.292500
284.691700 5.715100
273.161700 12.603100
273.165200 12.606400
282.183600 -0.990000
277.742300 9.350900
281.269600 1.822300
286.636100 5.531300
275.948000 9.936200
286.748000 10.474000
281.605600 -0.791700
286.752200 10.435800
275.131000 10.853600
286.415900 4.074600
277.361200 8.785100
285.152700 9.286700
283.278200 7.818400
285.139200 10.793800
276.809400 9.924800
276.139800 9.780200
281.587600 -1.363800
287.611000 5.321800
283.932400 4.396600
